------------Settings-------------
population_size = 10000
mutation_precentage = 0.2
mutation_generations_increase = 5.00
mutation_generations_increase_percentage = 0.05
tournament_size = 3
elitism = 0

------------Results-------------
Generations:66
['X', 'X', '9', '5', 'X', 'X', '8', 'X', 'X', 'X', 'X', '4', 'X', 'X', 'X', 'X', '6', '1', '6', 'X', '5', 'X', 'X', '7', 'X', 'X', 'X', '8', 'X', 'X', '1', '3', 'X', 'X', '2', '4', 'X', '9', 'X', 'X', '6', 'X', 'X', 'X', 'X', 'X', 'X', 'X', 'X', '7', '2', 'X', '9', 'X', '2', 'X', '1', '7', 'X', 'X', 'X', 'X', 'X', 'X', 'X', 'X', '9', 'X', 'X', '3', 'X', '8', 'X', '3', 'X', 'X', '5', 'X', 'X', '4', 'X']
[3, 1, 9, 5, 4, 6, 8, 7, 2, 7, 2, 4, 3, 9, 8, 5, 6, 1, 6, 8, 5, 2, 1, 7, 4, 3, 9, 8, 5, 7, 1, 3, 9, 6, 2, 4, 1, 9, 2, 4, 6, 5, 7, 8, 3, 4, 6, 3, 8, 7, 2, 1, 9, 5, 2, 4, 1, 7, 8, 3, 9, 5, 6, 5, 7, 6, 9, 2, 4, 3, 1, 8, 9, 3, 8, 6, 5, 1, 2, 4, 7]
[51.86954489444772, 48.39096163194626, 49.08394185000142, 47.73353190976406, 46.22551076701388, 46.73643897423678, 46.05303384239536, 43.28456578950357, 46.093135086531646, 43.615690063472904, 43.30495286371764, 43.434967099350395, 40.15028706631906, 40.10323780512088, 40.452458139449085, 40.00392092795701, 37.263176007089434, 35.220325991473516, 36.24268234992714, 35.43911739937228, 35.46268424738073, 32.26021686872726, 32.773238541419246, 31.392926683055723, 30.09580403297578, 30.1515496029296, 31.65704180427672, 30.966376988894336, 29.073086863998434, 28.89936796782476, 26.017710983440278, 26.55528678515857, 26.99745021039562, 25.776535874129973, 25.0209586812208, 25.5197826702684, 25.304791726612276, 24.13212815271555, 20.03927601717776, 22.1411373717132, 21.41956987515246, 19.075101244299912, 18.35269927324176, 17.180125439281493, 14.031638939350891, 15.70741038285541, 14.02833627575045, 12.85327283865074, 10.199685329839475, 10.853095450294951, 9.53540150497866, 9.189071619064867, 8.863450235126601, 7.664361535004702, 6.373560769725624, 5.793244098316998, 5.28420482514141, 3.6296783204391487, 4.062364909101551, 3.7675924106877496, 3.1301229361193483, 3.040691314872948, 2.1781860966676074, 2.2076467932984243, 2.023223387218253, 0.07257854189741353]
[67.7167900318195, 66.37660256666514, 65.29375481558, 64.27931133353101, 63.32658190843887, 62.3591907328363, 61.546873187947796, 60.63121163666165, 59.88829907356878, 59.043425616933135, 58.23425852818858, 57.5040371459805, 56.682089599977374, 55.94812434425105, 55.23476774916461, 54.478648502176384, 53.692032126979974, 52.94213475738542, 52.239183342994906, 51.48713597982654, 50.799654652631226, 50.18366965428383, 49.424419625801114, 48.70994768685365, 48.00020991928499, 47.296622587814795, 46.64962655349827, 45.831430813208385, 45.110503342479255, 44.323757250371514, 43.55963406267437, 42.7448635648426, 41.942009534497586, 41.176611441487324, 40.373690030628815, 39.544453991603866, 38.74225070330539, 37.90194584182498, 37.042484345252454, 36.1716226379281, 35.27073801977664, 34.27822062541673, 33.299522744113645, 32.23140955757079, 31.159961523293045, 30.01075262021842, 28.948853615544813, 27.808941541023383, 26.62271968429547, 25.425338392594657, 24.18215537092091, 22.902438810894665, 21.62003543271258, 20.39260266931392, 19.126177598904494, 17.87714990594261, 16.606301338412095, 15.438472248423384, 14.181475352031798, 13.135522037775267, 12.194414519889282, 11.349444754204955, 10.520561373713598, 9.721256473020686, 8.967646953586733, 8.331376617141734]

[ 3  1  9 ][ 5  4  6 ][ 8  7  2 ]
[ 7  2  4 ][ 3  9  8 ][ 5  6  1 ]
[ 6  8  5 ][ 2  1  7 ][ 4  3  9 ]

[ 8  5  7 ][ 1  3  9 ][ 6  2  4 ]
[ 1  9  2 ][ 4  6  5 ][ 7  8  3 ]
[ 4  6  3 ][ 8  7  2 ][ 1  9  5 ]

[ 2  4  1 ][ 7  8  3 ][ 9  5  6 ]
[ 5  7  6 ][ 9  2  4 ][ 3  1  8 ]
[ 9  3  8 ][ 6  5  1 ][ 2  4  7 ]

