------------Settings-------------
population_size = 30000
mutation_precentage = 0.2
mutation_generations_increase = 5.00
mutation_generations_increase_percentage = 0.05
tournament_size = 3
elitism = 0

------------Results-------------
Generations:57
['X', 'X', '9', '5', 'X', 'X', '8', 'X', 'X', 'X', 'X', '4', 'X', 'X', 'X', 'X', '6', '1', '6', 'X', '5', 'X', 'X', '7', 'X', 'X', 'X', '8', 'X', 'X', '1', '3', 'X', 'X', '2', '4', 'X', '9', 'X', 'X', '6', 'X', 'X', 'X', 'X', 'X', 'X', 'X', 'X', '7', '2', 'X', '9', 'X', '2', 'X', '1', '7', 'X', 'X', 'X', 'X', 'X', 'X', 'X', 'X', '9', 'X', 'X', '3', 'X', '8', 'X', '3', 'X', 'X', '5', 'X', 'X', '4', 'X']
[3, 1, 9, 5, 4, 6, 8, 7, 2, 7, 2, 4, 3, 9, 8, 5, 6, 1, 6, 8, 5, 2, 1, 7, 4, 3, 9, 8, 5, 7, 1, 3, 9, 6, 2, 4, 1, 9, 2, 4, 6, 5, 7, 8, 3, 4, 6, 3, 8, 7, 2, 1, 9, 5, 2, 4, 1, 7, 8, 3, 9, 5, 6, 5, 7, 6, 9, 2, 4, 3, 1, 8, 9, 3, 8, 6, 5, 1, 2, 4, 7]
[49.883681711837866, 47.3618566150976, 47.519989085032535, 48.108303380679494, 46.15881652973112, 45.15324366794418, 45.10061976174503, 43.831777341660015, 42.719524200448326, 43.010250546202, 42.23768818677914, 42.094309177462435, 40.459126181986775, 38.053886564689506, 40.09147264305846, 38.66187939745837, 38.403065700130455, 37.20689221921586, 37.07897469157443, 34.79219384696209, 35.520046892035325, 34.815789630028746, 33.057582042309726, 30.008167339275744, 30.688216820950736, 31.479670827956394, 30.025970842050178, 29.226841368645264, 27.73397082519917, 27.234283955549557, 27.363184575545365, 25.572028804339126, 22.127865788847107, 22.872878907846335, 19.491572365003965, 21.682043354900628, 20.404460469791935, 21.024235069098395, 19.79970294201022, 15.114289571533398, 12.231776666755609, 12.24660221097002, 11.9503529565669, 11.59177084741621, 11.01847592485198, 11.28870669468162, 9.259676717331704, 9.868452085067446, 6.3100621332134805, 7.054250838741014, 6.042843374038823, 6.1655693864235905, 5.649824358424104, 2.691079170880248, 3.8936677578907615, 2.018237591856132, 0.4895695271024957]
[67.66539217466102, 66.38876079390315, 65.2467324718328, 64.302427188757, 63.304632324101874, 62.39623672839726, 61.550913720580084, 60.726619805837366, 59.949757949171506, 59.175545056346266, 58.420371157526965, 57.696255119093856, 56.95169154723295, 56.25459982458413, 55.5623087379649, 54.88300915951529, 54.0772814224821, 53.31624834166331, 52.58038012286759, 51.8615033879922, 51.15110056726371, 50.40395651509925, 49.692667863400736, 48.9250842612019, 48.16589477442628, 47.46692566149594, 46.68774441741938, 45.988668161987164, 45.26446307079131, 44.46463895071497, 43.669028308615644, 42.837849279800906, 41.99895821593852, 41.150819090348456, 40.26165348003972, 39.30702150162273, 38.36295094747862, 37.33880201711912, 36.22032415021852, 35.098485172620165, 33.96123994080813, 32.74257802239379, 31.476274624695947, 30.182692597442337, 28.845459843436473, 27.47571157226871, 26.128090282145013, 24.774199228139338, 23.34048574716752, 21.917902927499718, 20.459812181410076, 19.094931757105854, 17.7936804265259, 16.522603020300338, 15.319393230755852, 14.242484382962205, 13.268719639482699]

[ 3  1  9 ][ 5  4  6 ][ 8  7  2 ]
[ 7  2  4 ][ 3  9  8 ][ 5  6  1 ]
[ 6  8  5 ][ 2  1  7 ][ 4  3  9 ]

[ 8  5  7 ][ 1  3  9 ][ 6  2  4 ]
[ 1  9  2 ][ 4  6  5 ][ 7  8  3 ]
[ 4  6  3 ][ 8  7  2 ][ 1  9  5 ]

[ 2  4  1 ][ 7  8  3 ][ 9  5  6 ]
[ 5  7  6 ][ 9  2  4 ][ 3  1  8 ]
[ 9  3  8 ][ 6  5  1 ][ 2  4  7 ]

